#radius(zone center) density  temperature X_He4 X_C12 X_O16 X_Ne20
691
4.000000e+05  3.320000e+07  3.000000e+07  0.000000e+00  5.000000e-01  5.000000e-01  0.000000e+00
1.200000e+06  3.319898e+07  3.000000e+07  0.000000e+00  5.000000e-01  5.000000e-01  0.000000e+00
2.000000e+06  3.319695e+07  3.000000e+07  0.000000e+00  5.000000e-01  5.000000e-01  0.000000e+00
2.800000e+06  3.319390e+07  3.000000e+07  0.000000e+00  5.000000e-01  5.000000e-01  0.000000e+00
3.600000e+06  3.318984e+07  3.000000e+07  0.000000e+00  5.000000e-01  5.000000e-01  0.000000e+00
4.400000e+06  3.318476e+07  3.000000e+07  0.000000e+00  5.000000e-01  5.000000e-01  0.000000e+00
5.200000e+06  3.317867e+07  3.000000e+07  0.000000e+00  5.000000e-01  5.000000e-01  0.000000e+00
6.000000e+06  3.317156e+07  3.000000e+07  0.000000e+00  5.000000e-01  5.000000e-01  0.000000e+00
6.800000e+06  3.316344e+07  3.000000e+07  0.000000e+00  5.000000e-01  5.000000e-01  0.000000e+00
7.600000e+06  3.315431e+07  3.000000e+07  0.000000e+00  5.000000e-01  5.000000e-01  0.000000e+00
8.400000e+06  3.314416e+07  3.000000e+07  0.000000e+00  5.000000e-01  5.000000e-01  0.000000e+00
9.200000e+06  3.313301e+07  3.000000e+07  0.000000e+00  5.000000e-01  5.000000e-01  0.000000e+00
1.000000e+07  3.312085e+07  3.000000e+07  0.000000e+00  5.000000e-01  5.000000e-01  0.000000e+00
1.080000e+07  3.310768e+07  3.000000e+07  0.000000e+00  5.000000e-01  5.000000e-01  0.000000e+00
1.160000e+07  3.309350e+07  3.000000e+07  0.000000e+00  5.000000e-01  5.000000e-01  0.000000e+00
1.240000e+07  3.307832e+07  3.000000e+07  0.000000e+00  5.000000e-01  5.000000e-01  0.000000e+00
1.320000e+07  3.306214e+07  3.000000e+07  0.000000e+00  5.000000e-01  5.000000e-01  0.000000e+00
1.400000e+07  3.304496e+07  3.000000e+07  0.000000e+00  5.000000e-01  5.000000e-01  0.000000e+00
1.480000e+07  3.302677e+07  3.000000e+07  0.000000e+00  5.000000e-01  5.000000e-01  0.000000e+00
1.560000e+07  3.300759e+07  3.000000e+07  0.000000e+00  5.000000e-01  5.000000e-01  0.000000e+00
1.640000e+07  3.298742e+07  3.000000e+07  0.000000e+00  5.000000e-01  5.000000e-01  0.000000e+00
1.720000e+07  3.296625e+07  3.000000e+07  0.000000e+00  5.000000e-01  5.000000e-01  0.000000e+00
1.800000e+07  3.294410e+07  3.000000e+07  0.000000e+00  5.000000e-01  5.000000e-01  0.000000e+00
1.880000e+07  3.292095e+07  3.000000e+07  0.000000e+00  5.000000e-01  5.000000e-01  0.000000e+00
1.960000e+07  3.289682e+07  3.000000e+07  0.000000e+00  5.000000e-01  5.000000e-01  0.000000e+00
2.040000e+07  3.287171e+07  3.000000e+07  0.000000e+00  5.000000e-01  5.000000e-01  0.000000e+00
2.120000e+07  3.284562e+07  3.000000e+07  0.000000e+00  5.000000e-01  5.000000e-01  0.000000e+00
2.200000e+07  3.281855e+07  3.000000e+07  0.000000e+00  5.000000e-01  5.000000e-01  0.000000e+00
2.280000e+07  3.279051e+07  3.000000e+07  0.000000e+00  5.000000e-01  5.000000e-01  0.000000e+00
2.360000e+07  3.276150e+07  3.000000e+07  0.000000e+00  5.000000e-01  5.000000e-01  0.000000e+00
2.440000e+07  3.273152e+07  3.000000e+07  0.000000e+00  5.000000e-01  5.000000e-01  0.000000e+00
2.520000e+07  3.270057e+07  3.000000e+07  0.000000e+00  5.000000e-01  5.000000e-01  0.000000e+00
2.600000e+07  3.266867e+07  3.000000e+07  0.000000e+00  5.000000e-01  5.000000e-01  0.000000e+00
2.680000e+07  3.263581e+07  3.000000e+07  0.000000e+00  5.000000e-01  5.000000e-01  0.000000e+00
2.760000e+07  3.260199e+07  3.000000e+07  0.000000e+00  5.000000e-01  5.000000e-01  0.000000e+00
2.840000e+07  3.256723e+07  3.000000e+07  0.000000e+00  5.000000e-01  5.000000e-01  0.000000e+00
2.920000e+07  3.253152e+07  3.000000e+07  0.000000e+00  5.000000e-01  5.000000e-01  0.000000e+00
3.000000e+07  3.249486e+07  3.000000e+07  0.000000e+00  5.000000e-01  5.000000e-01  0.000000e+00
3.080000e+07  3.245727e+07  3.000000e+07  0.000000e+00  5.000000e-01  5.000000e-01  0.000000e+00
3.160000e+07  3.241874e+07  3.000000e+07  0.000000e+00  5.000000e-01  5.000000e-01  0.000000e+00
3.240000e+07  3.237929e+07  3.000000e+07  0.000000e+00  5.000000e-01  5.000000e-01  0.000000e+00
3.320000e+07  3.233891e+07  3.000000e+07  0.000000e+00  5.000000e-01  5.000000e-01  0.000000e+00
3.400000e+07  3.229761e+07  3.000000e+07  0.000000e+00  5.000000e-01  5.000000e-01  0.000000e+00
3.480000e+07  3.225539e+07  3.000000e+07  0.000000e+00  5.000000e-01  5.000000e-01  0.000000e+00
3.560000e+07  3.221226e+07  3.000000e+07  0.000000e+00  5.000000e-01  5.000000e-01  0.000000e+00
3.640000e+07  3.216822e+07  3.000000e+07  0.000000e+00  5.000000e-01  5.000000e-01  0.000000e+00
3.720000e+07  3.212328e+07  3.000000e+07  0.000000e+00  5.000000e-01  5.000000e-01  0.000000e+00
3.800000e+07  3.207744e+07  3.000000e+07  0.000000e+00  5.000000e-01  5.000000e-01  0.000000e+00
3.880000e+07  3.203071e+07  3.000000e+07  0.000000e+00  5.000000e-01  5.000000e-01  0.000000e+00
3.960000e+07  3.198309e+07  3.000000e+07  0.000000e+00  5.000000e-01  5.000000e-01  0.000000e+00
4.040000e+07  3.193459e+07  3.000000e+07  0.000000e+00  5.000000e-01  5.000000e-01  0.000000e+00
4.120000e+07  3.188521e+07  3.000000e+07  0.000000e+00  5.000000e-01  5.000000e-01  0.000000e+00
4.200000e+07  3.183495e+07  3.000000e+07  0.000000e+00  5.000000e-01  5.000000e-01  0.000000e+00
4.280000e+07  3.178384e+07  3.000000e+07  0.000000e+00  5.000000e-01  5.000000e-01  0.000000e+00
4.360000e+07  3.173186e+07  3.000000e+07  0.000000e+00  5.000000e-01  5.000000e-01  0.000000e+00
4.440000e+07  3.167902e+07  3.000000e+07  0.000000e+00  5.000000e-01  5.000000e-01  0.000000e+00
4.520000e+07  3.162533e+07  3.000000e+07  0.000000e+00  5.000000e-01  5.000000e-01  0.000000e+00
4.600000e+07  3.157080e+07  3.000000e+07  0.000000e+00  5.000000e-01  5.000000e-01  0.000000e+00
4.680000e+07  3.151543e+07  3.000000e+07  0.000000e+00  5.000000e-01  5.000000e-01  0.000000e+00
4.760000e+07  3.145923e+07  3.000000e+07  0.000000e+00  5.000000e-01  5.000000e-01  0.000000e+00
4.840000e+07  3.140220e+07  3.000000e+07  0.000000e+00  5.000000e-01  5.000000e-01  0.000000e+00
4.920000e+07  3.134434e+07  3.000000e+07  0.000000e+00  5.000000e-01  5.000000e-01  0.000000e+00
5.000000e+07  3.128568e+07  3.000000e+07  0.000000e+00  5.000000e-01  5.000000e-01  0.000000e+00
5.080000e+07  3.122620e+07  3.000000e+07  0.000000e+00  5.000000e-01  5.000000e-01  0.000000e+00
5.160000e+07  3.116592e+07  3.000000e+07  0.000000e+00  5.000000e-01  5.000000e-01  0.000000e+00
5.240000e+07  3.110484e+07  3.000000e+07  0.000000e+00  5.000000e-01  5.000000e-01  0.000000e+00
5.320000e+07  3.104297e+07  3.000000e+07  0.000000e+00  5.000000e-01  5.000000e-01  0.000000e+00
5.400000e+07  3.098032e+07  3.000000e+07  0.000000e+00  5.000000e-01  5.000000e-01  0.000000e+00
5.480000e+07  3.091689e+07  3.000000e+07  0.000000e+00  5.000000e-01  5.000000e-01  0.000000e+00
5.560000e+07  3.085269e+07  3.000000e+07  0.000000e+00  5.000000e-01  5.000000e-01  0.000000e+00
5.640000e+07  3.078773e+07  3.000000e+07  0.000000e+00  5.000000e-01  5.000000e-01  0.000000e+00
5.720000e+07  3.072200e+07  3.000000e+07  0.000000e+00  5.000000e-01  5.000000e-01  0.000000e+00
5.800000e+07  3.065553e+07  3.000000e+07  0.000000e+00  5.000000e-01  5.000000e-01  0.000000e+00
5.880000e+07  3.058831e+07  3.000000e+07  0.000000e+00  5.000000e-01  5.000000e-01  0.000000e+00
5.960000e+07  3.052035e+07  3.000000e+07  0.000000e+00  5.000000e-01  5.000000e-01  0.000000e+00
6.040000e+07  3.045167e+07  3.000000e+07  0.000000e+00  5.000000e-01  5.000000e-01  0.000000e+00
6.120000e+07  3.038226e+07  3.000000e+07  0.000000e+00  5.000000e-01  5.000000e-01  0.000000e+00
6.200000e+07  3.031213e+07  3.000000e+07  0.000000e+00  5.000000e-01  5.000000e-01  0.000000e+00
6.280000e+07  3.024129e+07  3.000000e+07  0.000000e+00  5.000000e-01  5.000000e-01  0.000000e+00
6.360000e+07  3.016975e+07  3.000000e+07  0.000000e+00  5.000000e-01  5.000000e-01  0.000000e+00
6.440000e+07  3.009752e+07  3.000000e+07  0.000000e+00  5.000000e-01  5.000000e-01  0.000000e+00
6.520000e+07  3.002459e+07  3.000000e+07  0.000000e+00  5.000000e-01  5.000000e-01  0.000000e+00
6.600000e+07  2.995099e+07  3.000000e+07  0.000000e+00  5.000000e-01  5.000000e-01  0.000000e+00
6.680000e+07  2.987671e+07  3.000000e+07  0.000000e+00  5.000000e-01  5.000000e-01  0.000000e+00
6.760000e+07  2.980177e+07  3.000000e+07  0.000000e+00  5.000000e-01  5.000000e-01  0.000000e+00
6.840000e+07  2.972616e+07  3.000000e+07  0.000000e+00  5.000000e-01  5.000000e-01  0.000000e+00
6.920000e+07  2.964990e+07  3.000000e+07  0.000000e+00  5.000000e-01  5.000000e-01  0.000000e+00
7.000000e+07  2.957300e+07  3.000000e+07  0.000000e+00  5.000000e-01  5.000000e-01  0.000000e+00
7.080000e+07  2.949547e+07  3.000000e+07  0.000000e+00  5.000000e-01  5.000000e-01  0.000000e+00
7.160000e+07  2.941730e+07  3.000000e+07  0.000000e+00  5.000000e-01  5.000000e-01  0.000000e+00
7.240000e+07  2.933851e+07  3.000000e+07  0.000000e+00  5.000000e-01  5.000000e-01  0.000000e+00
7.320000e+07  2.925910e+07  3.000000e+07  0.000000e+00  5.000000e-01  5.000000e-01  0.000000e+00
7.400000e+07  2.917909e+07  3.000000e+07  0.000000e+00  5.000000e-01  5.000000e-01  0.000000e+00
7.480000e+07  2.909848e+07  3.000000e+07  0.000000e+00  5.000000e-01  5.000000e-01  0.000000e+00
7.560000e+07  2.901728e+07  3.000000e+07  0.000000e+00  5.000000e-01  5.000000e-01  0.000000e+00
7.640000e+07  2.893549e+07  3.000000e+07  0.000000e+00  5.000000e-01  5.000000e-01  0.000000e+00
7.720000e+07  2.885313e+07  3.000000e+07  0.000000e+00  5.000000e-01  5.000000e-01  0.000000e+00
7.800000e+07  2.877020e+07  3.000000e+07  0.000000e+00  5.000000e-01  5.000000e-01  0.000000e+00
7.880000e+07  2.868670e+07  3.000000e+07  0.000000e+00  5.000000e-01  5.000000e-01  0.000000e+00
7.960000e+07  2.860266e+07  3.000000e+07  0.000000e+00  5.000000e-01  5.000000e-01  0.000000e+00
8.040000e+07  2.851806e+07  3.000000e+07  0.000000e+00  5.000000e-01  5.000000e-01  0.000000e+00
8.120000e+07  2.843293e+07  3.000000e+07  0.000000e+00  5.000000e-01  5.000000e-01  0.000000e+00
8.200000e+07  2.834727e+07  3.000000e+07  0.000000e+00  5.000000e-01  5.000000e-01  0.000000e+00
8.280000e+07  2.826109e+07  3.000000e+07  0.000000e+00  5.000000e-01  5.000000e-01  0.000000e+00
8.360000e+07  2.817439e+07  3.000000e+07  0.000000e+00  5.000000e-01  5.000000e-01  0.000000e+00
8.440000e+07  2.808719e+07  3.000000e+07  0.000000e+00  5.000000e-01  5.000000e-01  0.000000e+00
8.520000e+07  2.799949e+07  3.000000e+07  0.000000e+00  5.000000e-01  5.000000e-01  0.000000e+00
8.600000e+07  2.791130e+07  3.000000e+07  0.000000e+00  5.000000e-01  5.000000e-01  0.000000e+00
8.680000e+07  2.782262e+07  3.000000e+07  0.000000e+00  5.000000e-01  5.000000e-01  0.000000e+00
8.760000e+07  2.773347e+07  3.000000e+07  0.000000e+00  5.000000e-01  5.000000e-01  0.000000e+00
8.840000e+07  2.764385e+07  3.000000e+07  0.000000e+00  5.000000e-01  5.000000e-01  0.000000e+00
8.920000e+07  2.755377e+07  3.000000e+07  0.000000e+00  5.000000e-01  5.000000e-01  0.000000e+00
9.000000e+07  2.746324e+07  3.000000e+07  0.000000e+00  5.000000e-01  5.000000e-01  0.000000e+00
9.080000e+07  2.737227e+07  3.000000e+07  0.000000e+00  5.000000e-01  5.000000e-01  0.000000e+00
9.160000e+07  2.728086e+07  3.000000e+07  0.000000e+00  5.000000e-01  5.000000e-01  0.000000e+00
9.240000e+07  2.718902e+07  3.000000e+07  0.000000e+00  5.000000e-01  5.000000e-01  0.000000e+00
9.320000e+07  2.709676e+07  3.000000e+07  0.000000e+00  5.000000e-01  5.000000e-01  0.000000e+00
9.400000e+07  2.700409e+07  3.000000e+07  0.000000e+00  5.000000e-01  5.000000e-01  0.000000e+00
9.480000e+07  2.691102e+07  3.000000e+07  0.000000e+00  5.000000e-01  5.000000e-01  0.000000e+00
9.560000e+07  2.681755e+07  3.000000e+07  0.000000e+00  5.000000e-01  5.000000e-01  0.000000e+00
9.640000e+07  2.672369e+07  3.000000e+07  0.000000e+00  5.000000e-01  5.000000e-01  0.000000e+00
9.720000e+07  2.662946e+07  3.000000e+07  0.000000e+00  5.000000e-01  5.000000e-01  0.000000e+00
9.800000e+07  2.653485e+07  3.000000e+07  0.000000e+00  5.000000e-01  5.000000e-01  0.000000e+00
9.880000e+07  2.643987e+07  3.000000e+07  0.000000e+00  5.000000e-01  5.000000e-01  0.000000e+00
9.960000e+07  2.634454e+07  3.000000e+07  0.000000e+00  5.000000e-01  5.000000e-01  0.000000e+00
1.004000e+08  2.624886e+07  3.000000e+07  0.000000e+00  5.000000e-01  5.000000e-01  0.000000e+00
1.012000e+08  2.615284e+07  3.000000e+07  0.000000e+00  5.000000e-01  5.000000e-01  0.000000e+00
1.020000e+08  2.605648e+07  3.000000e+07  0.000000e+00  5.000000e-01  5.000000e-01  0.000000e+00
1.028000e+08  2.595980e+07  3.000000e+07  0.000000e+00  5.000000e-01  5.000000e-01  0.000000e+00
1.036000e+08  2.586280e+07  3.000000e+07  0.000000e+00  5.000000e-01  5.000000e-01  0.000000e+00
1.044000e+08  2.576550e+07  3.000000e+07  0.000000e+00  5.000000e-01  5.000000e-01  0.000000e+00
1.052000e+08  2.566789e+07  3.000000e+07  0.000000e+00  5.000000e-01  5.000000e-01  0.000000e+00
1.060000e+08  2.556999e+07  3.000000e+07  0.000000e+00  5.000000e-01  5.000000e-01  0.000000e+00
1.068000e+08  2.547180e+07  3.000000e+07  0.000000e+00  5.000000e-01  5.000000e-01  0.000000e+00
1.076000e+08  2.537334e+07  3.000000e+07  0.000000e+00  5.000000e-01  5.000000e-01  0.000000e+00
1.084000e+08  2.527460e+07  3.000000e+07  0.000000e+00  5.000000e-01  5.000000e-01  0.000000e+00
1.092000e+08  2.517560e+07  3.000000e+07  0.000000e+00  5.000000e-01  5.000000e-01  0.000000e+00
1.100000e+08  2.507635e+07  3.000000e+07  0.000000e+00  5.000000e-01  5.000000e-01  0.000000e+00
1.108000e+08  2.497685e+07  3.000000e+07  0.000000e+00  5.000000e-01  5.000000e-01  0.000000e+00
1.116000e+08  2.487710e+07  3.000000e+07  0.000000e+00  5.000000e-01  5.000000e-01  0.000000e+00
1.124000e+08  2.477713e+07  3.000000e+07  0.000000e+00  5.000000e-01  5.000000e-01  0.000000e+00
1.132000e+08  2.467692e+07  3.000000e+07  0.000000e+00  5.000000e-01  5.000000e-01  0.000000e+00
1.140000e+08  2.457650e+07  3.000000e+07  0.000000e+00  5.000000e-01  5.000000e-01  0.000000e+00
1.148000e+08  2.447587e+07  3.000000e+07  0.000000e+00  5.000000e-01  5.000000e-01  0.000000e+00
1.156000e+08  2.437504e+07  3.000000e+07  0.000000e+00  5.000000e-01  5.000000e-01  0.000000e+00
1.164000e+08  2.427401e+07  3.000000e+07  0.000000e+00  5.000000e-01  5.000000e-01  0.000000e+00
1.172000e+08  2.417280e+07  3.000000e+07  0.000000e+00  5.000000e-01  5.000000e-01  0.000000e+00
1.180000e+08  2.407140e+07  3.000000e+07  0.000000e+00  5.000000e-01  5.000000e-01  0.000000e+00
1.188000e+08  2.396983e+07  3.000000e+07  0.000000e+00  5.000000e-01  5.000000e-01  0.000000e+00
1.196000e+08  2.386810e+07  3.000000e+07  0.000000e+00  5.000000e-01  5.000000e-01  0.000000e+00
1.204000e+08  2.376621e+07  3.000000e+07  0.000000e+00  5.000000e-01  5.000000e-01  0.000000e+00
1.212000e+08  2.366416e+07  3.000000e+07  0.000000e+00  5.000000e-01  5.000000e-01  0.000000e+00
1.220000e+08  2.356198e+07  3.000000e+07  0.000000e+00  5.000000e-01  5.000000e-01  0.000000e+00
1.228000e+08  2.345965e+07  3.000000e+07  0.000000e+00  5.000000e-01  5.000000e-01  0.000000e+00
1.236000e+08  2.335720e+07  3.000000e+07  0.000000e+00  5.000000e-01  5.000000e-01  0.000000e+00
1.244000e+08  2.325462e+07  3.000000e+07  0.000000e+00  5.000000e-01  5.000000e-01  0.000000e+00
1.252000e+08  2.315193e+07  3.000000e+07  0.000000e+00  5.000000e-01  5.000000e-01  0.000000e+00
1.260000e+08  2.304913e+07  3.000000e+07  0.000000e+00  5.000000e-01  5.000000e-01  0.000000e+00
1.268000e+08  2.294623e+07  3.000000e+07  0.000000e+00  5.000000e-01  5.000000e-01  0.000000e+00
1.276000e+08  2.284323e+07  3.000000e+07  0.000000e+00  5.000000e-01  5.000000e-01  0.000000e+00
1.284000e+08  2.274014e+07  3.000000e+07  0.000000e+00  5.000000e-01  5.000000e-01  0.000000e+00
1.292000e+08  2.263697e+07  3.000000e+07  0.000000e+00  5.000000e-01  5.000000e-01  0.000000e+00
1.300000e+08  2.253373e+07  3.000000e+07  0.000000e+00  5.000000e-01  5.000000e-01  0.000000e+00
1.308000e+08  2.243042e+07  3.000000e+07  0.000000e+00  5.000000e-01  5.000000e-01  0.000000e+00
1.316000e+08  2.232705e+07  3.000000e+07  0.000000e+00  5.000000e-01  5.000000e-01  0.000000e+00
1.324000e+08  2.222362e+07  3.000000e+07  0.000000e+00  5.000000e-01  5.000000e-01  0.000000e+00
1.332000e+08  2.212015e+07  3.000000e+07  0.000000e+00  5.000000e-01  5.000000e-01  0.000000e+00
1.340000e+08  2.201663e+07  3.000000e+07  0.000000e+00  5.000000e-01  5.000000e-01  0.000000e+00
1.348000e+08  2.191307e+07  3.000000e+07  0.000000e+00  5.000000e-01  5.000000e-01  0.000000e+00
1.356000e+08  2.180949e+07  3.000000e+07  0.000000e+00  5.000000e-01  5.000000e-01  0.000000e+00
1.364000e+08  2.170589e+07  3.000000e+07  0.000000e+00  5.000000e-01  5.000000e-01  0.000000e+00
1.372000e+08  2.160226e+07  3.000000e+07  0.000000e+00  5.000000e-01  5.000000e-01  0.000000e+00
1.380000e+08  2.149863e+07  3.000000e+07  0.000000e+00  5.000000e-01  5.000000e-01  0.000000e+00
1.388000e+08  2.139499e+07  3.000000e+07  0.000000e+00  5.000000e-01  5.000000e-01  0.000000e+00
1.396000e+08  2.129136e+07  3.000000e+07  0.000000e+00  5.000000e-01  5.000000e-01  0.000000e+00
1.404000e+08  2.118773e+07  3.000000e+07  0.000000e+00  5.000000e-01  5.000000e-01  0.000000e+00
1.412000e+08  2.108412e+07  3.000000e+07  0.000000e+00  5.000000e-01  5.000000e-01  0.000000e+00
1.420000e+08  2.098053e+07  3.000000e+07  0.000000e+00  5.000000e-01  5.000000e-01  0.000000e+00
1.428000e+08  2.087696e+07  3.000000e+07  0.000000e+00  5.000000e-01  5.000000e-01  0.000000e+00
1.436000e+08  2.077343e+07  3.000000e+07  0.000000e+00  5.000000e-01  5.000000e-01  0.000000e+00
1.444000e+08  2.066994e+07  3.000000e+07  0.000000e+00  5.000000e-01  5.000000e-01  0.000000e+00
1.452000e+08  2.056649e+07  3.000000e+07  0.000000e+00  5.000000e-01  5.000000e-01  0.000000e+00
1.460000e+08  2.046309e+07  3.000000e+07  0.000000e+00  5.000000e-01  5.000000e-01  0.000000e+00
1.468000e+08  2.035974e+07  3.000000e+07  0.000000e+00  5.000000e-01  5.000000e-01  0.000000e+00
1.476000e+08  2.025646e+07  3.000000e+07  0.000000e+00  5.000000e-01  5.000000e-01  0.000000e+00
1.484000e+08  2.015325e+07  3.000000e+07  0.000000e+00  5.000000e-01  5.000000e-01  0.000000e+00
1.492000e+08  2.005011e+07  3.000000e+07  0.000000e+00  5.000000e-01  5.000000e-01  0.000000e+00
1.500000e+08  1.994705e+07  3.000000e+07  0.000000e+00  5.000000e-01  5.000000e-01  0.000000e+00
1.508000e+08  1.984407e+07  3.000000e+07  0.000000e+00  5.000000e-01  5.000000e-01  0.000000e+00
1.516000e+08  1.974118e+07  3.000000e+07  0.000000e+00  5.000000e-01  5.000000e-01  0.000000e+00
1.524000e+08  1.963838e+07  3.000000e+07  0.000000e+00  5.000000e-01  5.000000e-01  0.000000e+00
1.532000e+08  1.953568e+07  3.000000e+07  0.000000e+00  5.000000e-01  5.000000e-01  0.000000e+00
1.540000e+08  1.943309e+07  3.000000e+07  0.000000e+00  5.000000e-01  5.000000e-01  0.000000e+00
1.548000e+08  1.933061e+07  3.000000e+07  0.000000e+00  5.000000e-01  5.000000e-01  0.000000e+00
1.556000e+08  1.922824e+07  3.000000e+07  0.000000e+00  5.000000e-01  5.000000e-01  0.000000e+00
1.564000e+08  1.912600e+07  3.000000e+07  0.000000e+00  5.000000e-01  5.000000e-01  0.000000e+00
1.572000e+08  1.902388e+07  3.000000e+07  0.000000e+00  5.000000e-01  5.000000e-01  0.000000e+00
1.580000e+08  1.892189e+07  3.000000e+07  0.000000e+00  5.000000e-01  5.000000e-01  0.000000e+00
1.588000e+08  1.882004e+07  3.000000e+07  0.000000e+00  5.000000e-01  5.000000e-01  0.000000e+00
1.596000e+08  1.871833e+07  3.000000e+07  0.000000e+00  5.000000e-01  5.000000e-01  0.000000e+00
1.604000e+08  1.861676e+07  3.000000e+07  0.000000e+00  5.000000e-01  5.000000e-01  0.000000e+00
1.612000e+08  1.851534e+07  3.000000e+07  0.000000e+00  5.000000e-01  5.000000e-01  0.000000e+00
1.620000e+08  1.841408e+07  3.000000e+07  0.000000e+00  5.000000e-01  5.000000e-01  0.000000e+00
1.628000e+08  1.831298e+07  3.000000e+07  0.000000e+00  5.000000e-01  5.000000e-01  0.000000e+00
1.636000e+08  1.821204e+07  3.000000e+07  0.000000e+00  5.000000e-01  5.000000e-01  0.000000e+00
1.644000e+08  1.811127e+07  3.000000e+07  0.000000e+00  5.000000e-01  5.000000e-01  0.000000e+00
1.652000e+08  1.801067e+07  3.000000e+07  0.000000e+00  5.000000e-01  5.000000e-01  0.000000e+00
1.660000e+08  1.791025e+07  3.000000e+07  0.000000e+00  5.000000e-01  5.000000e-01  0.000000e+00
1.668000e+08  1.781000e+07  3.000000e+07  0.000000e+00  5.000000e-01  5.000000e-01  0.000000e+00
1.676000e+08  1.770995e+07  3.000000e+07  0.000000e+00  5.000000e-01  5.000000e-01  0.000000e+00
1.684000e+08  1.761008e+07  3.000000e+07  0.000000e+00  5.000000e-01  5.000000e-01  0.000000e+00
1.692000e+08  1.751041e+07  3.000000e+07  0.000000e+00  5.000000e-01  5.000000e-01  0.000000e+00
1.700000e+08  1.741093e+07  3.000000e+07  0.000000e+00  5.000000e-01  5.000000e-01  0.000000e+00
1.708000e+08  1.731165e+07  3.000000e+07  0.000000e+00  5.000000e-01  5.000000e-01  0.000000e+00
1.716000e+08  1.721258e+07  3.000000e+07  0.000000e+00  5.000000e-01  5.000000e-01  0.000000e+00
1.724000e+08  1.711372e+07  3.000000e+07  0.000000e+00  5.000000e-01  5.000000e-01  0.000000e+00
1.732000e+08  1.701507e+07  3.000000e+07  0.000000e+00  5.000000e-01  5.000000e-01  0.000000e+00
1.740000e+08  1.691663e+07  3.000000e+07  0.000000e+00  5.000000e-01  5.000000e-01  0.000000e+00
1.748000e+08  1.681842e+07  3.000000e+07  0.000000e+00  5.000000e-01  5.000000e-01  0.000000e+00
1.756000e+08  1.672043e+07  3.000000e+07  0.000000e+00  5.000000e-01  5.000000e-01  0.000000e+00
1.764000e+08  1.662267e+07  3.000000e+07  0.000000e+00  5.000000e-01  5.000000e-01  0.000000e+00
1.772000e+08  1.652514e+07  3.000000e+07  0.000000e+00  5.000000e-01  5.000000e-01  0.000000e+00
1.780000e+08  1.642785e+07  3.000000e+07  0.000000e+00  5.000000e-01  5.000000e-01  0.000000e+00
1.788000e+08  1.633079e+07  3.000000e+07  0.000000e+00  5.000000e-01  5.000000e-01  0.000000e+00
1.796000e+08  1.623398e+07  3.000000e+07  0.000000e+00  5.000000e-01  5.000000e-01  0.000000e+00
1.804000e+08  1.613741e+07  3.000000e+07  0.000000e+00  5.000000e-01  5.000000e-01  0.000000e+00
1.812000e+08  1.604109e+07  3.000000e+07  0.000000e+00  5.000000e-01  5.000000e-01  0.000000e+00
1.820000e+08  1.594503e+07  3.000000e+07  0.000000e+00  5.000000e-01  5.000000e-01  0.000000e+00
1.828000e+08  1.584922e+07  3.000000e+07  0.000000e+00  5.000000e-01  5.000000e-01  0.000000e+00
1.836000e+08  1.575367e+07  3.000000e+07  0.000000e+00  5.000000e-01  5.000000e-01  0.000000e+00
1.844000e+08  1.565838e+07  3.000000e+07  0.000000e+00  5.000000e-01  5.000000e-01  0.000000e+00
1.852000e+08  1.556335e+07  3.000000e+07  0.000000e+00  5.000000e-01  5.000000e-01  0.000000e+00
1.860000e+08  1.546859e+07  3.000000e+07  0.000000e+00  5.000000e-01  5.000000e-01  0.000000e+00
1.868000e+08  1.537410e+07  3.000000e+07  0.000000e+00  5.000000e-01  5.000000e-01  0.000000e+00
1.876000e+08  1.527989e+07  3.000000e+07  0.000000e+00  5.000000e-01  5.000000e-01  0.000000e+00
1.884000e+08  1.518595e+07  3.000000e+07  0.000000e+00  5.000000e-01  5.000000e-01  0.000000e+00
1.892000e+08  1.509229e+07  3.000000e+07  0.000000e+00  5.000000e-01  5.000000e-01  0.000000e+00
1.900000e+08  1.499891e+07  3.000000e+07  0.000000e+00  5.000000e-01  5.000000e-01  0.000000e+00
1.908000e+08  1.490582e+07  3.000000e+07  0.000000e+00  5.000000e-01  5.000000e-01  0.000000e+00
1.916000e+08  1.481301e+07  3.000000e+07  0.000000e+00  5.000000e-01  5.000000e-01  0.000000e+00
1.924000e+08  1.472050e+07  3.000000e+07  0.000000e+00  5.000000e-01  5.000000e-01  0.000000e+00
1.932000e+08  1.462828e+07  3.000000e+07  0.000000e+00  5.000000e-01  5.000000e-01  0.000000e+00
1.940000e+08  1.453635e+07  3.000000e+07  0.000000e+00  5.000000e-01  5.000000e-01  0.000000e+00
1.948000e+08  1.444472e+07  3.000000e+07  0.000000e+00  5.000000e-01  5.000000e-01  0.000000e+00
1.956000e+08  1.435339e+07  3.000000e+07  0.000000e+00  5.000000e-01  5.000000e-01  0.000000e+00
1.964000e+08  1.426236e+07  3.000000e+07  0.000000e+00  5.000000e-01  5.000000e-01  0.000000e+00
1.972000e+08  1.417163e+07  3.000000e+07  0.000000e+00  5.000000e-01  5.000000e-01  0.000000e+00
1.980000e+08  1.408121e+07  3.000000e+07  0.000000e+00  5.000000e-01  5.000000e-01  0.000000e+00
1.988000e+08  1.399110e+07  3.000000e+07  0.000000e+00  5.000000e-01  5.000000e-01  0.000000e+00
1.996000e+08  1.390129e+07  3.000000e+07  0.000000e+00  5.000000e-01  5.000000e-01  0.000000e+00
2.004000e+08  1.381180e+07  3.000000e+07  0.000000e+00  5.000000e-01  5.000000e-01  0.000000e+00
2.012000e+08  1.372262e+07  3.000000e+07  0.000000e+00  5.000000e-01  5.000000e-01  0.000000e+00
2.020000e+08  1.363376e+07  3.000000e+07  0.000000e+00  5.000000e-01  5.000000e-01  0.000000e+00
2.028000e+08  1.354522e+07  3.000000e+07  0.000000e+00  5.000000e-01  5.000000e-01  0.000000e+00
2.036000e+08  1.345699e+07  3.000000e+07  0.000000e+00  5.000000e-01  5.000000e-01  0.000000e+00
2.044000e+08  1.336909e+07  3.000000e+07  0.000000e+00  5.000000e-01  5.000000e-01  0.000000e+00
2.052000e+08  1.328151e+07  3.000000e+07  0.000000e+00  5.000000e-01  5.000000e-01  0.000000e+00
2.060000e+08  1.319425e+07  3.000000e+07  0.000000e+00  5.000000e-01  5.000000e-01  0.000000e+00
2.068000e+08  1.310732e+07  3.000000e+07  0.000000e+00  5.000000e-01  5.000000e-01  0.000000e+00
2.076000e+08  1.302072e+07  3.000000e+07  0.000000e+00  5.000000e-01  5.000000e-01  0.000000e+00
2.084000e+08  1.293445e+07  3.000000e+07  0.000000e+00  5.000000e-01  5.000000e-01  0.000000e+00
2.092000e+08  1.284851e+07  3.000000e+07  0.000000e+00  5.000000e-01  5.000000e-01  0.000000e+00
2.100000e+08  1.276290e+07  3.000000e+07  0.000000e+00  5.000000e-01  5.000000e-01  0.000000e+00
2.108000e+08  1.267763e+07  3.000000e+07  0.000000e+00  5.000000e-01  5.000000e-01  0.000000e+00
2.116000e+08  1.259269e+07  3.000000e+07  0.000000e+00  5.000000e-01  5.000000e-01  0.000000e+00
2.124000e+08  1.250809e+07  3.000000e+07  0.000000e+00  5.000000e-01  5.000000e-01  0.000000e+00
2.132000e+08  1.242383e+07  3.000000e+07  0.000000e+00  5.000000e-01  5.000000e-01  0.000000e+00
2.140000e+08  1.233991e+07  3.000000e+07  0.000000e+00  5.000000e-01  5.000000e-01  0.000000e+00
2.148000e+08  1.225633e+07  3.000000e+07  0.000000e+00  5.000000e-01  5.000000e-01  0.000000e+00
2.156000e+08  1.217309e+07  3.000000e+07  0.000000e+00  5.000000e-01  5.000000e-01  0.000000e+00
2.164000e+08  1.209020e+07  3.000000e+07  0.000000e+00  5.000000e-01  5.000000e-01  0.000000e+00
2.172000e+08  1.200765e+07  3.000000e+07  0.000000e+00  5.000000e-01  5.000000e-01  0.000000e+00
2.180000e+08  1.192544e+07  3.000000e+07  0.000000e+00  5.000000e-01  5.000000e-01  0.000000e+00
2.188000e+08  1.184359e+07  3.000000e+07  0.000000e+00  5.000000e-01  5.000000e-01  0.000000e+00
2.196000e+08  1.176208e+07  3.000000e+07  0.000000e+00  5.000000e-01  5.000000e-01  0.000000e+00
2.204000e+08  1.168092e+07  3.000000e+07  0.000000e+00  5.000000e-01  5.000000e-01  0.000000e+00
2.212000e+08  1.160011e+07  3.000000e+07  0.000000e+00  5.000000e-01  5.000000e-01  0.000000e+00
2.220000e+08  1.151965e+07  3.000000e+07  0.000000e+00  5.000000e-01  5.000000e-01  0.000000e+00
2.228000e+08  1.143954e+07  3.000000e+07  0.000000e+00  5.000000e-01  5.000000e-01  0.000000e+00
2.236000e+08  1.135979e+07  3.000000e+07  0.000000e+00  5.000000e-01  5.000000e-01  0.000000e+00
2.244000e+08  1.128038e+07  3.000000e+07  0.000000e+00  5.000000e-01  5.000000e-01  0.000000e+00
2.252000e+08  1.120133e+07  3.000000e+07  0.000000e+00  5.000000e-01  5.000000e-01  0.000000e+00
2.260000e+08  1.112264e+07  3.000000e+07  0.000000e+00  5.000000e-01  5.000000e-01  0.000000e+00
2.268000e+08  1.104429e+07  3.000000e+07  0.000000e+00  5.000000e-01  5.000000e-01  0.000000e+00
2.276000e+08  1.096631e+07  3.000000e+07  0.000000e+00  5.000000e-01  5.000000e-01  0.000000e+00
2.284000e+08  1.088868e+07  3.000000e+07  0.000000e+00  5.000000e-01  5.000000e-01  0.000000e+00
2.292000e+08  1.081140e+07  3.000000e+07  0.000000e+00  5.000000e-01  5.000000e-01  0.000000e+00
2.300000e+08  1.073448e+07  3.000000e+07  0.000000e+00  5.000000e-01  5.000000e-01  0.000000e+00
2.308000e+08  1.065792e+07  3.000000e+07  0.000000e+00  5.000000e-01  5.000000e-01  0.000000e+00
2.316000e+08  1.058171e+07  3.000000e+07  0.000000e+00  5.000000e-01  5.000000e-01  0.000000e+00
2.324000e+08  1.050586e+07  3.000000e+07  0.000000e+00  5.000000e-01  5.000000e-01  0.000000e+00
2.332000e+08  1.043037e+07  3.000000e+07  0.000000e+00  5.000000e-01  5.000000e-01  0.000000e+00
2.340000e+08  1.035524e+07  3.000000e+07  0.000000e+00  5.000000e-01  5.000000e-01  0.000000e+00
2.348000e+08  1.028047e+07  3.000000e+07  0.000000e+00  5.000000e-01  5.000000e-01  0.000000e+00
2.356000e+08  1.020605e+07  3.000000e+07  0.000000e+00  5.000000e-01  5.000000e-01  0.000000e+00
2.364000e+08  1.013200e+07  3.000000e+07  0.000000e+00  5.000000e-01  5.000000e-01  0.000000e+00
2.372000e+08  1.005831e+07  3.000000e+07  0.000000e+00  5.000000e-01  5.000000e-01  0.000000e+00
2.380000e+08  9.984974e+06  3.000000e+07  0.000000e+00  5.000000e-01  5.000000e-01  0.000000e+00
2.388000e+08  9.912000e+06  3.000000e+07  0.000000e+00  5.000000e-01  5.000000e-01  0.000000e+00
2.396000e+08  9.839386e+06  3.000000e+07  0.000000e+00  5.000000e-01  5.000000e-01  0.000000e+00
2.404000e+08  9.767131e+06  3.000000e+07  0.000000e+00  5.000000e-01  5.000000e-01  0.000000e+00
2.412000e+08  9.695237e+06  3.000000e+07  0.000000e+00  5.000000e-01  5.000000e-01  0.000000e+00
2.420000e+08  9.623704e+06  3.000000e+07  0.000000e+00  5.000000e-01  5.000000e-01  0.000000e+00
2.428000e+08  9.552531e+06  3.000000e+07  0.000000e+00  5.000000e-01  5.000000e-01  0.000000e+00
2.436000e+08  9.481719e+06  3.000000e+07  0.000000e+00  5.000000e-01  5.000000e-01  0.000000e+00
2.444000e+08  9.411268e+06  3.000000e+07  0.000000e+00  5.000000e-01  5.000000e-01  0.000000e+00
2.452000e+08  9.341177e+06  3.000000e+07  0.000000e+00  5.000000e-01  5.000000e-01  0.000000e+00
2.460000e+08  9.271446e+06  3.000000e+07  0.000000e+00  5.000000e-01  5.000000e-01  0.000000e+00
2.468000e+08  9.202076e+06  3.000000e+07  0.000000e+00  5.000000e-01  5.000000e-01  0.000000e+00
2.476000e+08  9.133065e+06  3.000000e+07  0.000000e+00  5.000000e-01  5.000000e-01  0.000000e+00
2.484000e+08  9.064414e+06  3.000000e+07  0.000000e+00  5.000000e-01  5.000000e-01  0.000000e+00
2.492000e+08  8.996122e+06  3.000000e+07  0.000000e+00  5.000000e-01  5.000000e-01  0.000000e+00
2.500000e+08  8.928189e+06  3.000000e+07  0.000000e+00  5.000000e-01  5.000000e-01  0.000000e+00
2.508000e+08  8.860614e+06  3.000000e+07  0.000000e+00  5.000000e-01  5.000000e-01  0.000000e+00
2.516000e+08  8.793398e+06  3.000000e+07  0.000000e+00  5.000000e-01  5.000000e-01  0.000000e+00
2.524000e+08  8.726539e+06  3.000000e+07  0.000000e+00  5.000000e-01  5.000000e-01  0.000000e+00
2.532000e+08  8.660037e+06  3.000000e+07  0.000000e+00  5.000000e-01  5.000000e-01  0.000000e+00
2.540000e+08  8.593892e+06  3.000000e+07  0.000000e+00  5.000000e-01  5.000000e-01  0.000000e+00
2.548000e+08  8.528104e+06  3.000000e+07  0.000000e+00  5.000000e-01  5.000000e-01  0.000000e+00
2.556000e+08  8.462671e+06  3.000000e+07  0.000000e+00  5.000000e-01  5.000000e-01  0.000000e+00
2.564000e+08  8.397594e+06  3.000000e+07  0.000000e+00  5.000000e-01  5.000000e-01  0.000000e+00
2.572000e+08  8.332873e+06  3.000000e+07  0.000000e+00  5.000000e-01  5.000000e-01  0.000000e+00
2.580000e+08  8.268506e+06  3.000000e+07  0.000000e+00  5.000000e-01  5.000000e-01  0.000000e+00
2.588000e+08  8.204493e+06  3.000000e+07  0.000000e+00  5.000000e-01  5.000000e-01  0.000000e+00
2.596000e+08  8.140834e+06  3.000000e+07  0.000000e+00  5.000000e-01  5.000000e-01  0.000000e+00
2.604000e+08  8.077529e+06  3.000000e+07  0.000000e+00  5.000000e-01  5.000000e-01  0.000000e+00
2.612000e+08  8.014577e+06  3.000000e+07  0.000000e+00  5.000000e-01  5.000000e-01  0.000000e+00
2.620000e+08  7.951978e+06  3.000000e+07  0.000000e+00  5.000000e-01  5.000000e-01  0.000000e+00
2.628000e+08  7.889731e+06  3.000000e+07  0.000000e+00  5.000000e-01  5.000000e-01  0.000000e+00
2.636000e+08  7.827833e+06  3.000000e+07  0.000000e+00  5.000000e-01  5.000000e-01  0.000000e+00
2.644000e+08  7.766286e+06  3.000000e+07  0.000000e+00  5.000000e-01  5.000000e-01  0.000000e+00
2.652000e+08  7.705089e+06  3.000000e+07  0.000000e+00  5.000000e-01  5.000000e-01  0.000000e+00
2.660000e+08  7.644241e+06  3.000000e+07  0.000000e+00  5.000000e-01  5.000000e-01  0.000000e+00
2.668000e+08  7.583742e+06  3.000000e+07  0.000000e+00  5.000000e-01  5.000000e-01  0.000000e+00
2.676000e+08  7.523590e+06  3.000000e+07  0.000000e+00  5.000000e-01  5.000000e-01  0.000000e+00
2.684000e+08  7.463786e+06  3.000000e+07  0.000000e+00  5.000000e-01  5.000000e-01  0.000000e+00
2.692000e+08  7.404329e+06  3.000000e+07  0.000000e+00  5.000000e-01  5.000000e-01  0.000000e+00
2.700000e+08  7.345217e+06  3.000000e+07  0.000000e+00  5.000000e-01  5.000000e-01  0.000000e+00
2.708000e+08  7.286450e+06  3.000000e+07  0.000000e+00  5.000000e-01  5.000000e-01  0.000000e+00
2.716000e+08  7.228027e+06  3.000000e+07  0.000000e+00  5.000000e-01  5.000000e-01  0.000000e+00
2.724000e+08  7.169947e+06  3.000000e+07  0.000000e+00  5.000000e-01  5.000000e-01  0.000000e+00
2.732000e+08  7.112209e+06  3.000000e+07  0.000000e+00  5.000000e-01  5.000000e-01  0.000000e+00
2.740000e+08  7.054812e+06  3.000000e+07  0.000000e+00  5.000000e-01  5.000000e-01  0.000000e+00
2.748000e+08  6.997755e+06  3.000000e+07  0.000000e+00  5.000000e-01  5.000000e-01  0.000000e+00
2.756000e+08  6.941038e+06  3.000000e+07  0.000000e+00  5.000000e-01  5.000000e-01  0.000000e+00
2.764000e+08  6.884659e+06  3.000000e+07  0.000000e+00  5.000000e-01  5.000000e-01  0.000000e+00
2.772000e+08  6.828617e+06  3.000000e+07  0.000000e+00  5.000000e-01  5.000000e-01  0.000000e+00
2.780000e+08  6.772912e+06  3.000000e+07  0.000000e+00  5.000000e-01  5.000000e-01  0.000000e+00
2.788000e+08  6.717542e+06  3.000000e+07  0.000000e+00  5.000000e-01  5.000000e-01  0.000000e+00
2.796000e+08  6.662507e+06  3.000000e+07  0.000000e+00  5.000000e-01  5.000000e-01  0.000000e+00
2.804000e+08  6.607805e+06  3.000000e+07  0.000000e+00  5.000000e-01  5.000000e-01  0.000000e+00
2.812000e+08  6.553437e+06  3.000000e+07  0.000000e+00  5.000000e-01  5.000000e-01  0.000000e+00
2.820000e+08  6.499400e+06  3.000000e+07  0.000000e+00  5.000000e-01  5.000000e-01  0.000000e+00
2.828000e+08  6.445694e+06  3.000000e+07  0.000000e+00  5.000000e-01  5.000000e-01  0.000000e+00
2.836000e+08  6.392318e+06  3.000000e+07  0.000000e+00  5.000000e-01  5.000000e-01  0.000000e+00
2.844000e+08  6.339272e+06  3.000000e+07  0.000000e+00  5.000000e-01  5.000000e-01  0.000000e+00
2.852000e+08  6.286553e+06  3.000000e+07  0.000000e+00  5.000000e-01  5.000000e-01  0.000000e+00
2.860000e+08  6.234162e+06  3.000000e+07  0.000000e+00  5.000000e-01  5.000000e-01  0.000000e+00
2.868000e+08  6.182095e+06  3.000000e+07  0.000000e+00  5.000000e-01  5.000000e-01  0.000000e+00
2.876000e+08  6.130354e+06  3.000000e+07  0.000000e+00  5.000000e-01  5.000000e-01  0.000000e+00
2.884000e+08  6.078936e+06  3.000000e+07  0.000000e+00  5.000000e-01  5.000000e-01  0.000000e+00
2.892000e+08  6.027841e+06  3.000000e+07  0.000000e+00  5.000000e-01  5.000000e-01  0.000000e+00
2.900000e+08  5.977068e+06  3.000000e+07  0.000000e+00  5.000000e-01  5.000000e-01  0.000000e+00
2.908000e+08  5.926616e+06  3.000000e+07  0.000000e+00  5.000000e-01  5.000000e-01  0.000000e+00
2.916000e+08  5.876484e+06  3.000000e+07  0.000000e+00  5.000000e-01  5.000000e-01  0.000000e+00
2.924000e+08  5.826670e+06  3.000000e+07  0.000000e+00  5.000000e-01  5.000000e-01  0.000000e+00
2.932000e+08  5.777173e+06  3.000000e+07  0.000000e+00  5.000000e-01  5.000000e-01  0.000000e+00
2.940000e+08  5.727992e+06  3.000000e+07  0.000000e+00  5.000000e-01  5.000000e-01  0.000000e+00
2.948000e+08  5.679127e+06  3.000000e+07  0.000000e+00  5.000000e-01  5.000000e-01  0.000000e+00
2.956000e+08  5.630575e+06  3.000000e+07  0.000000e+00  5.000000e-01  5.000000e-01  0.000000e+00
2.964000e+08  5.582335e+06  3.000000e+07  0.000000e+00  5.000000e-01  5.000000e-01  0.000000e+00
2.972000e+08  5.534407e+06  3.000000e+07  0.000000e+00  5.000000e-01  5.000000e-01  0.000000e+00
2.980000e+08  5.486788e+06  3.000000e+07  0.000000e+00  5.000000e-01  5.000000e-01  0.000000e+00
2.988000e+08  5.439478e+06  3.000000e+07  0.000000e+00  5.000000e-01  5.000000e-01  0.000000e+00
2.996000e+08  5.392476e+06  3.000000e+07  0.000000e+00  5.000000e-01  5.000000e-01  0.000000e+00
3.004000e+08  5.345780e+06  3.000000e+07  0.000000e+00  5.000000e-01  5.000000e-01  0.000000e+00
3.012000e+08  5.299389e+06  3.000000e+07  0.000000e+00  5.000000e-01  5.000000e-01  0.000000e+00
3.020000e+08  5.253301e+06  3.000000e+07  0.000000e+00  5.000000e-01  5.000000e-01  0.000000e+00
3.028000e+08  5.207517e+06  3.000000e+07  0.000000e+00  5.000000e-01  5.000000e-01  0.000000e+00
3.036000e+08  5.162035e+06  3.000000e+07  0.000000e+00  5.000000e-01  5.000000e-01  0.000000e+00
3.044000e+08  5.116853e+06  3.000000e+07  0.000000e+00  5.000000e-01  5.000000e-01  0.000000e+00
3.052000e+08  5.071970e+06  3.000000e+07  0.000000e+00  5.000000e-01  5.000000e-01  0.000000e+00
3.060000e+08  5.027386e+06  3.000000e+07  0.000000e+00  5.000000e-01  5.000000e-01  0.000000e+00
3.068000e+08  4.983099e+06  3.000000e+07  0.000000e+00  5.000000e-01  5.000000e-01  0.000000e+00
3.076000e+08  4.939107e+06  3.000000e+07  0.000000e+00  5.000000e-01  5.000000e-01  0.000000e+00
3.084000e+08  4.895409e+06  3.000000e+07  0.000000e+00  5.000000e-01  5.000000e-01  0.000000e+00
3.092000e+08  4.852005e+06  3.000000e+07  0.000000e+00  5.000000e-01  5.000000e-01  0.000000e+00
3.100000e+08  4.808892e+06  3.000000e+07  0.000000e+00  5.000000e-01  5.000000e-01  0.000000e+00
3.108000e+08  4.766071e+06  3.000000e+07  0.000000e+00  5.000000e-01  5.000000e-01  0.000000e+00
3.116000e+08  4.723539e+06  3.000000e+07  0.000000e+00  5.000000e-01  5.000000e-01  0.000000e+00
3.124000e+08  4.681295e+06  3.000000e+07  0.000000e+00  5.000000e-01  5.000000e-01  0.000000e+00
3.132000e+08  4.639339e+06  3.000000e+07  0.000000e+00  5.000000e-01  5.000000e-01  0.000000e+00
3.140000e+08  4.597668e+06  3.000000e+07  0.000000e+00  5.000000e-01  5.000000e-01  0.000000e+00
3.148000e+08  4.556282e+06  3.000000e+07  0.000000e+00  5.000000e-01  5.000000e-01  0.000000e+00
3.156000e+08  4.515178e+06  3.000000e+07  0.000000e+00  5.000000e-01  5.000000e-01  0.000000e+00
3.164000e+08  4.474357e+06  3.000000e+07  0.000000e+00  5.000000e-01  5.000000e-01  0.000000e+00
3.172000e+08  4.433816e+06  3.000000e+07  0.000000e+00  5.000000e-01  5.000000e-01  0.000000e+00
3.180000e+08  4.393554e+06  3.000000e+07  0.000000e+00  5.000000e-01  5.000000e-01  0.000000e+00
3.188000e+08  4.353569e+06  3.000000e+07  0.000000e+00  5.000000e-01  5.000000e-01  0.000000e+00
3.196000e+08  4.313861e+06  3.000000e+07  0.000000e+00  5.000000e-01  5.000000e-01  0.000000e+00
3.204000e+08  4.274428e+06  3.000000e+07  0.000000e+00  5.000000e-01  5.000000e-01  0.000000e+00
3.212000e+08  4.235269e+06  3.000000e+07  0.000000e+00  5.000000e-01  5.000000e-01  0.000000e+00
3.220000e+08  4.196382e+06  3.000000e+07  0.000000e+00  5.000000e-01  5.000000e-01  0.000000e+00
3.228000e+08  4.157766e+06  3.000000e+07  0.000000e+00  5.000000e-01  5.000000e-01  0.000000e+00
3.236000e+08  4.119420e+06  3.000000e+07  0.000000e+00  5.000000e-01  5.000000e-01  0.000000e+00
3.244000e+08  4.081343e+06  3.000000e+07  0.000000e+00  5.000000e-01  5.000000e-01  0.000000e+00
3.252000e+08  4.043534e+06  3.000000e+07  0.000000e+00  5.000000e-01  5.000000e-01  0.000000e+00
3.260000e+08  4.005991e+06  3.000000e+07  0.000000e+00  5.000000e-01  5.000000e-01  0.000000e+00
3.268000e+08  3.968714e+06  3.000000e+07  0.000000e+00  5.000000e-01  5.000000e-01  0.000000e+00
3.276000e+08  3.931699e+06  3.000000e+07  0.000000e+00  5.000000e-01  5.000000e-01  0.000000e+00
3.284000e+08  3.894947e+06  3.000000e+07  0.000000e+00  5.000000e-01  5.000000e-01  0.000000e+00
3.292000e+08  3.858456e+06  3.000000e+07  0.000000e+00  5.000000e-01  5.000000e-01  0.000000e+00
3.300000e+08  3.822225e+06  3.000000e+07  0.000000e+00  5.000000e-01  5.000000e-01  0.000000e+00
3.308000e+08  3.786252e+06  3.000000e+07  0.000000e+00  5.000000e-01  5.000000e-01  0.000000e+00
3.316000e+08  3.750537e+06  3.000000e+07  0.000000e+00  5.000000e-01  5.000000e-01  0.000000e+00
3.324000e+08  3.715078e+06  3.000000e+07  0.000000e+00  5.000000e-01  5.000000e-01  0.000000e+00
3.332000e+08  3.679873e+06  3.000000e+07  0.000000e+00  5.000000e-01  5.000000e-01  0.000000e+00
3.340000e+08  3.644922e+06  3.000000e+07  0.000000e+00  5.000000e-01  5.000000e-01  0.000000e+00
3.348000e+08  3.610223e+06  3.000000e+07  0.000000e+00  5.000000e-01  5.000000e-01  0.000000e+00
3.356000e+08  3.575775e+06  3.000000e+07  0.000000e+00  5.000000e-01  5.000000e-01  0.000000e+00
3.364000e+08  3.541576e+06  3.000000e+07  0.000000e+00  5.000000e-01  5.000000e-01  0.000000e+00
3.372000e+08  3.507625e+06  3.000000e+07  0.000000e+00  5.000000e-01  5.000000e-01  0.000000e+00
3.380000e+08  3.473921e+06  3.000000e+07  0.000000e+00  5.000000e-01  5.000000e-01  0.000000e+00
3.388000e+08  3.440462e+06  3.000000e+07  0.000000e+00  5.000000e-01  5.000000e-01  0.000000e+00
3.396000e+08  3.407246e+06  3.000000e+07  0.000000e+00  5.000000e-01  5.000000e-01  0.000000e+00
3.404000e+08  3.374274e+06  3.000000e+07  0.000000e+00  5.000000e-01  5.000000e-01  0.000000e+00
3.412000e+08  3.341543e+06  3.000000e+07  0.000000e+00  5.000000e-01  5.000000e-01  0.000000e+00
3.420000e+08  3.309052e+06  3.000000e+07  0.000000e+00  5.000000e-01  5.000000e-01  0.000000e+00
3.428000e+08  3.276800e+06  3.000000e+07  0.000000e+00  5.000000e-01  5.000000e-01  0.000000e+00
3.436000e+08  3.244785e+06  3.000000e+07  0.000000e+00  5.000000e-01  5.000000e-01  0.000000e+00
3.444000e+08  3.213007e+06  3.000000e+07  0.000000e+00  5.000000e-01  5.000000e-01  0.000000e+00
3.452000e+08  3.181465e+06  3.000000e+07  0.000000e+00  5.000000e-01  5.000000e-01  0.000000e+00
3.460000e+08  3.150156e+06  3.000000e+07  0.000000e+00  5.000000e-01  5.000000e-01  0.000000e+00
3.468000e+08  3.119080e+06  3.000000e+07  0.000000e+00  5.000000e-01  5.000000e-01  0.000000e+00
3.476000e+08  3.088235e+06  3.000000e+07  0.000000e+00  5.000000e-01  5.000000e-01  0.000000e+00
3.484000e+08  3.057620e+06  3.000000e+07  0.000000e+00  5.000000e-01  5.000000e-01  0.000000e+00
3.492000e+08  3.027235e+06  3.000000e+07  0.000000e+00  5.000000e-01  5.000000e-01  0.000000e+00
3.500000e+08  2.997076e+06  3.000000e+07  0.000000e+00  5.000000e-01  5.000000e-01  0.000000e+00
3.508000e+08  2.967145e+06  3.000000e+07  0.000000e+00  5.000000e-01  5.000000e-01  0.000000e+00
3.516000e+08  2.937438e+06  3.000000e+07  0.000000e+00  5.000000e-01  5.000000e-01  0.000000e+00
3.524000e+08  2.907956e+06  3.000000e+07  0.000000e+00  5.000000e-01  5.000000e-01  0.000000e+00
3.532000e+08  2.878696e+06  3.000000e+07  0.000000e+00  5.000000e-01  5.000000e-01  0.000000e+00
3.540000e+08  2.849657e+06  3.000000e+07  0.000000e+00  5.000000e-01  5.000000e-01  0.000000e+00
3.548000e+08  2.820839e+06  3.000000e+07  0.000000e+00  5.000000e-01  5.000000e-01  0.000000e+00
3.556000e+08  2.792239e+06  3.000000e+07  0.000000e+00  5.000000e-01  5.000000e-01  0.000000e+00
3.564000e+08  2.763856e+06  3.000000e+07  0.000000e+00  5.000000e-01  5.000000e-01  0.000000e+00
3.572000e+08  2.735690e+06  3.000000e+07  0.000000e+00  5.000000e-01  5.000000e-01  0.000000e+00
3.580000e+08  2.707738e+06  3.000000e+07  0.000000e+00  5.000000e-01  5.000000e-01  0.000000e+00
3.588000e+08  2.680000e+06  3.000000e+07  0.000000e+00  5.000000e-01  5.000000e-01  0.000000e+00
3.596000e+08  2.652474e+06  3.000000e+07  0.000000e+00  5.000000e-01  5.000000e-01  0.000000e+00
3.604000e+08  2.625160e+06  3.000000e+07  0.000000e+00  5.000000e-01  5.000000e-01  0.000000e+00
3.612000e+08  2.598055e+06  3.000000e+07  0.000000e+00  5.000000e-01  5.000000e-01  0.000000e+00
3.620000e+08  2.571160e+06  3.000000e+07  0.000000e+00  5.000000e-01  5.000000e-01  0.000000e+00
3.628000e+08  2.544472e+06  3.000000e+07  0.000000e+00  5.000000e-01  5.000000e-01  0.000000e+00
3.636000e+08  2.517991e+06  3.000000e+07  0.000000e+00  5.000000e-01  5.000000e-01  0.000000e+00
3.644000e+08  2.491715e+06  3.000000e+07  0.000000e+00  5.000000e-01  5.000000e-01  0.000000e+00
3.652000e+08  2.465642e+06  3.000000e+07  0.000000e+00  5.000000e-01  5.000000e-01  0.000000e+00
3.660000e+08  2.439773e+06  3.000000e+07  0.000000e+00  5.000000e-01  5.000000e-01  0.000000e+00
3.668000e+08  2.414105e+06  3.000000e+07  0.000000e+00  5.000000e-01  5.000000e-01  0.000000e+00
3.676000e+08  2.388638e+06  3.000000e+07  0.000000e+00  5.000000e-01  5.000000e-01  0.000000e+00
3.684000e+08  2.363371e+06  3.000000e+07  0.000000e+00  5.000000e-01  5.000000e-01  0.000000e+00
3.692000e+08  2.338301e+06  3.000000e+07  0.000000e+00  5.000000e-01  5.000000e-01  0.000000e+00
3.700000e+08  2.313429e+06  3.000000e+07  0.000000e+00  5.000000e-01  5.000000e-01  0.000000e+00
3.708000e+08  2.288752e+06  3.000000e+07  0.000000e+00  5.000000e-01  5.000000e-01  0.000000e+00
3.716000e+08  2.264270e+06  3.000000e+07  0.000000e+00  5.000000e-01  5.000000e-01  0.000000e+00
3.724000e+08  2.239982e+06  3.000000e+07  0.000000e+00  5.000000e-01  5.000000e-01  0.000000e+00
3.732000e+08  2.215885e+06  3.000000e+07  0.000000e+00  5.000000e-01  5.000000e-01  0.000000e+00
3.740000e+08  2.191980e+06  3.000000e+07  0.000000e+00  5.000000e-01  5.000000e-01  0.000000e+00
3.748000e+08  2.168264e+06  3.000000e+07  0.000000e+00  5.000000e-01  5.000000e-01  0.000000e+00
3.756000e+08  2.144736e+06  3.000000e+07  0.000000e+00  5.000000e-01  5.000000e-01  0.000000e+00
3.764000e+08  2.121397e+06  3.000000e+07  0.000000e+00  5.000000e-01  5.000000e-01  0.000000e+00
3.772000e+08  2.098243e+06  3.000000e+07  0.000000e+00  5.000000e-01  5.000000e-01  0.000000e+00
3.780000e+08  2.075275e+06  3.000000e+07  0.000000e+00  5.000000e-01  5.000000e-01  0.000000e+00
3.788000e+08  2.052490e+06  3.000000e+07  0.000000e+00  5.000000e-01  5.000000e-01  0.000000e+00
3.796000e+08  2.029889e+06  3.000000e+07  0.000000e+00  5.000000e-01  5.000000e-01  0.000000e+00
3.804000e+08  2.007470e+06  3.000000e+07  0.000000e+00  5.000000e-01  5.000000e-01  0.000000e+00
3.812000e+08  1.985231e+06  3.000000e+07  0.000000e+00  5.000000e-01  5.000000e-01  0.000000e+00
3.820000e+08  1.963173e+06  3.000000e+07  0.000000e+00  5.000000e-01  5.000000e-01  0.000000e+00
3.828000e+08  1.941292e+06  3.000000e+07  0.000000e+00  5.000000e-01  5.000000e-01  0.000000e+00
3.836000e+08  1.919589e+06  3.000000e+07  0.000000e+00  5.000000e-01  5.000000e-01  0.000000e+00
3.844000e+08  1.898063e+06  3.000000e+07  0.000000e+00  5.000000e-01  5.000000e-01  0.000000e+00
3.852000e+08  1.876712e+06  3.000000e+07  0.000000e+00  5.000000e-01  5.000000e-01  0.000000e+00
3.860000e+08  1.855535e+06  3.000000e+07  0.000000e+00  5.000000e-01  5.000000e-01  0.000000e+00
3.868000e+08  1.834531e+06  3.000000e+07  0.000000e+00  5.000000e-01  5.000000e-01  0.000000e+00
3.876000e+08  1.813700e+06  3.000000e+07  0.000000e+00  5.000000e-01  5.000000e-01  0.000000e+00
3.884000e+08  1.793039e+06  3.000000e+07  0.000000e+00  5.000000e-01  5.000000e-01  0.000000e+00
3.892000e+08  1.772548e+06  3.000000e+07  0.000000e+00  5.000000e-01  5.000000e-01  0.000000e+00
3.900000e+08  1.752226e+06  3.000000e+07  0.000000e+00  5.000000e-01  5.000000e-01  0.000000e+00
3.908000e+08  1.732072e+06  3.000000e+07  0.000000e+00  5.000000e-01  5.000000e-01  0.000000e+00
3.916000e+08  1.712083e+06  3.000000e+07  0.000000e+00  5.000000e-01  5.000000e-01  0.000000e+00
3.924000e+08  1.692261e+06  3.000000e+07  0.000000e+00  5.000000e-01  5.000000e-01  0.000000e+00
3.932000e+08  1.672603e+06  3.000000e+07  0.000000e+00  5.000000e-01  5.000000e-01  0.000000e+00
3.940000e+08  1.653108e+06  3.000000e+07  0.000000e+00  5.000000e-01  5.000000e-01  0.000000e+00
3.948000e+08  1.633775e+06  3.000000e+07  0.000000e+00  5.000000e-01  5.000000e-01  0.000000e+00
3.956000e+08  1.614604e+06  3.000000e+07  0.000000e+00  5.000000e-01  5.000000e-01  0.000000e+00
3.964000e+08  1.595593e+06  3.000000e+07  0.000000e+00  5.000000e-01  5.000000e-01  0.000000e+00
3.972000e+08  1.576742e+06  3.000000e+07  0.000000e+00  5.000000e-01  5.000000e-01  0.000000e+00
3.980000e+08  1.558049e+06  3.000000e+07  0.000000e+00  5.000000e-01  5.000000e-01  0.000000e+00
3.988000e+08  1.539513e+06  3.000000e+07  0.000000e+00  5.000000e-01  5.000000e-01  0.000000e+00
3.996000e+08  1.521134e+06  3.000000e+07  0.000000e+00  5.000000e-01  5.000000e-01  0.000000e+00
4.004000e+08  1.502910e+06  3.000000e+07  0.000000e+00  5.000000e-01  5.000000e-01  0.000000e+00
4.012000e+08  1.484840e+06  3.000000e+07  0.000000e+00  5.000000e-01  5.000000e-01  0.000000e+00
4.020000e+08  1.466924e+06  3.000000e+07  0.000000e+00  5.000000e-01  5.000000e-01  0.000000e+00
4.028000e+08  1.449160e+06  3.000000e+07  0.000000e+00  5.000000e-01  5.000000e-01  0.000000e+00
4.036000e+08  1.431548e+06  3.000000e+07  0.000000e+00  5.000000e-01  5.000000e-01  0.000000e+00
4.044000e+08  1.414086e+06  3.000000e+07  0.000000e+00  5.000000e-01  5.000000e-01  0.000000e+00
4.052000e+08  1.396773e+06  3.000000e+07  0.000000e+00  5.000000e-01  5.000000e-01  0.000000e+00
4.060000e+08  1.379609e+06  3.000000e+07  0.000000e+00  5.000000e-01  5.000000e-01  0.000000e+00
4.068000e+08  1.362592e+06  3.000000e+07  0.000000e+00  5.000000e-01  5.000000e-01  0.000000e+00
4.076000e+08  1.345721e+06  3.000000e+07  0.000000e+00  5.000000e-01  5.000000e-01  0.000000e+00
4.084000e+08  1.328996e+06  3.000000e+07  0.000000e+00  5.000000e-01  5.000000e-01  0.000000e+00
4.092000e+08  1.312415e+06  3.000000e+07  0.000000e+00  5.000000e-01  5.000000e-01  0.000000e+00
4.100000e+08  1.295978e+06  3.000000e+07  0.000000e+00  5.000000e-01  5.000000e-01  0.000000e+00
4.108000e+08  1.279683e+06  3.000000e+07  0.000000e+00  5.000000e-01  5.000000e-01  0.000000e+00
4.116000e+08  1.263531e+06  3.000000e+07  0.000000e+00  5.000000e-01  5.000000e-01  0.000000e+00
4.124000e+08  1.247519e+06  3.000000e+07  0.000000e+00  5.000000e-01  5.000000e-01  0.000000e+00
4.132000e+08  1.231647e+06  3.000000e+07  0.000000e+00  5.000000e-01  5.000000e-01  0.000000e+00
4.140000e+08  1.215914e+06  3.000000e+07  0.000000e+00  5.000000e-01  5.000000e-01  0.000000e+00
4.148000e+08  1.200319e+06  3.000000e+07  0.000000e+00  5.000000e-01  5.000000e-01  0.000000e+00
4.156000e+08  1.184862e+06  3.000000e+07  0.000000e+00  5.000000e-01  5.000000e-01  0.000000e+00
4.164000e+08  1.169541e+06  3.000000e+07  0.000000e+00  5.000000e-01  5.000000e-01  0.000000e+00
4.172000e+08  1.154355e+06  3.000000e+07  0.000000e+00  5.000000e-01  5.000000e-01  0.000000e+00
4.180000e+08  1.139304e+06  3.000000e+07  0.000000e+00  5.000000e-01  5.000000e-01  0.000000e+00
4.188000e+08  1.124387e+06  3.000000e+07  0.000000e+00  5.000000e-01  5.000000e-01  0.000000e+00
4.196000e+08  1.109602e+06  3.000000e+07  0.000000e+00  5.000000e-01  5.000000e-01  0.000000e+00
4.204000e+08  1.094949e+06  3.000000e+07  0.000000e+00  5.000000e-01  5.000000e-01  0.000000e+00
4.212000e+08  1.080427e+06  3.000000e+07  0.000000e+00  5.000000e-01  5.000000e-01  0.000000e+00
4.220000e+08  1.066035e+06  3.000000e+07  0.000000e+00  5.000000e-01  5.000000e-01  0.000000e+00
4.228000e+08  1.051772e+06  3.000000e+07  0.000000e+00  5.000000e-01  5.000000e-01  0.000000e+00
4.236000e+08  1.037638e+06  3.000000e+07  0.000000e+00  5.000000e-01  5.000000e-01  0.000000e+00
4.244000e+08  1.023631e+06  3.000000e+07  0.000000e+00  5.000000e-01  5.000000e-01  0.000000e+00
4.252000e+08  1.009750e+06  3.000000e+07  0.000000e+00  5.000000e-01  5.000000e-01  0.000000e+00
4.260000e+08  9.959962e+05  3.000000e+07  0.000000e+00  5.000000e-01  5.000000e-01  0.000000e+00
4.268000e+08  9.823669e+05  3.000000e+07  0.000000e+00  5.000000e-01  5.000000e-01  0.000000e+00
4.276000e+08  9.688618e+05  3.000000e+07  0.000000e+00  5.000000e-01  5.000000e-01  0.000000e+00
4.284000e+08  9.554802e+05  3.000000e+07  0.000000e+00  5.000000e-01  5.000000e-01  0.000000e+00
4.292000e+08  9.422212e+05  3.000000e+07  0.000000e+00  5.000000e-01  5.000000e-01  0.000000e+00
4.300000e+08  9.290841e+05  3.000000e+07  0.000000e+00  5.000000e-01  5.000000e-01  0.000000e+00
4.308000e+08  9.160681e+05  3.000000e+07  0.000000e+00  5.000000e-01  5.000000e-01  0.000000e+00
4.316000e+08  9.031723e+05  3.000000e+07  0.000000e+00  5.000000e-01  5.000000e-01  0.000000e+00
4.324000e+08  8.903959e+05  3.000000e+07  0.000000e+00  5.000000e-01  5.000000e-01  0.000000e+00
4.332000e+08  8.777380e+05  3.000000e+07  0.000000e+00  5.000000e-01  5.000000e-01  0.000000e+00
4.340000e+08  8.651978e+05  3.000000e+07  0.000000e+00  5.000000e-01  5.000000e-01  0.000000e+00
4.348000e+08  8.527745e+05  3.000000e+07  0.000000e+00  5.000000e-01  5.000000e-01  0.000000e+00
4.356000e+08  8.404674e+05  3.000000e+07  0.000000e+00  5.000000e-01  5.000000e-01  0.000000e+00
4.364000e+08  8.282757e+05  3.000000e+07  0.000000e+00  5.000000e-01  5.000000e-01  0.000000e+00
4.372000e+08  8.161986e+05  3.000000e+07  0.000000e+00  5.000000e-01  5.000000e-01  0.000000e+00
4.380000e+08  8.042354e+05  3.000000e+07  0.000000e+00  5.000000e-01  5.000000e-01  0.000000e+00
4.388000e+08  7.923856e+05  3.000000e+07  0.000000e+00  5.000000e-01  5.000000e-01  0.000000e+00
4.396000e+08  7.806481e+05  3.000000e+07  0.000000e+00  5.000000e-01  5.000000e-01  0.000000e+00
4.404000e+08  7.690222e+05  3.000000e+07  0.000000e+00  5.000000e-01  5.000000e-01  0.000000e+00
4.412000e+08  7.575074e+05  3.000000e+07  0.000000e+00  5.000000e-01  5.000000e-01  0.000000e+00
4.420000e+08  7.461029e+05  3.000000e+07  0.000000e+00  5.000000e-01  5.000000e-01  0.000000e+00
4.428000e+08  7.348080e+05  3.000000e+07  0.000000e+00  5.000000e-01  5.000000e-01  0.000000e+00
4.436000e+08  7.236219e+05  3.000000e+07  0.000000e+00  5.000000e-01  5.000000e-01  0.000000e+00
4.444000e+08  7.125439e+05  3.000000e+07  0.000000e+00  5.000000e-01  5.000000e-01  0.000000e+00
4.452000e+08  7.015732e+05  3.000000e+07  0.000000e+00  5.000000e-01  5.000000e-01  0.000000e+00
4.460000e+08  6.907091e+05  3.000000e+07  0.000000e+00  5.000000e-01  5.000000e-01  0.000000e+00
4.468000e+08  6.799508e+05  3.000000e+07  0.000000e+00  5.000000e-01  5.000000e-01  0.000000e+00
4.476000e+08  6.692977e+05  3.000000e+07  0.000000e+00  5.000000e-01  5.000000e-01  0.000000e+00
4.484000e+08  6.587490e+05  3.000000e+07  0.000000e+00  5.000000e-01  5.000000e-01  0.000000e+00
4.492000e+08  6.483041e+05  3.000000e+07  0.000000e+00  5.000000e-01  5.000000e-01  0.000000e+00
4.500000e+08  6.379625e+05  3.000000e+07  0.000000e+00  5.000000e-01  5.000000e-01  0.000000e+00
4.508000e+08  6.277234e+05  3.000000e+07  0.000000e+00  5.000000e-01  5.000000e-01  0.000000e+00
4.516000e+08  6.175860e+05  3.000000e+07  0.000000e+00  5.000000e-01  5.000000e-01  0.000000e+00
4.524000e+08  6.075498e+05  3.000000e+07  0.000000e+00  5.000000e-01  5.000000e-01  0.000000e+00
4.532000e+08  5.976142e+05  3.000000e+07  0.000000e+00  5.000000e-01  5.000000e-01  0.000000e+00
4.540000e+08  5.877785e+05  3.000000e+07  0.000000e+00  5.000000e-01  5.000000e-01  0.000000e+00
4.548000e+08  5.780421e+05  3.000000e+07  0.000000e+00  5.000000e-01  5.000000e-01  0.000000e+00
4.556000e+08  5.684043e+05  3.000000e+07  0.000000e+00  5.000000e-01  5.000000e-01  0.000000e+00
4.564000e+08  5.588644e+05  3.000000e+07  0.000000e+00  5.000000e-01  5.000000e-01  0.000000e+00
4.572000e+08  5.494217e+05  3.000000e+07  0.000000e+00  5.000000e-01  5.000000e-01  0.000000e+00
4.580000e+08  5.400755e+05  3.000000e+07  0.000000e+00  5.000000e-01  5.000000e-01  0.000000e+00
4.588000e+08  5.308254e+05  3.000000e+07  0.000000e+00  5.000000e-01  5.000000e-01  0.000000e+00
4.596000e+08  5.216705e+05  3.000000e+07  0.000000e+00  5.000000e-01  5.000000e-01  0.000000e+00
4.604000e+08  5.126104e+05  3.000000e+07  0.000000e+00  5.000000e-01  5.000000e-01  0.000000e+00
4.612000e+08  5.036446e+05  3.000000e+07  0.000000e+00  5.000000e-01  5.000000e-01  0.000000e+00
4.620000e+08  4.947723e+05  3.000000e+07  0.000000e+00  5.000000e-01  5.000000e-01  0.000000e+00
4.628000e+08  4.859930e+05  3.000000e+07  0.000000e+00  5.000000e-01  5.000000e-01  0.000000e+00
4.636000e+08  4.773060e+05  3.000000e+07  0.000000e+00  5.000000e-01  5.000000e-01  0.000000e+00
4.644000e+08  4.687110e+05  3.000000e+07  0.000000e+00  5.000000e-01  5.000000e-01  0.000000e+00
4.652000e+08  4.602073e+05  3.000000e+07  0.000000e+00  5.000000e-01  5.000000e-01  0.000000e+00
4.660000e+08  4.517943e+05  3.000000e+07  0.000000e+00  5.000000e-01  5.000000e-01  0.000000e+00
4.668000e+08  4.434713e+05  3.000000e+07  0.000000e+00  5.000000e-01  5.000000e-01  0.000000e+00
4.676000e+08  4.352378e+05  3.000000e+07  0.000000e+00  5.000000e-01  5.000000e-01  0.000000e+00
4.684000e+08  4.270932e+05  3.000000e+07  0.000000e+00  5.000000e-01  5.000000e-01  0.000000e+00
4.692000e+08  4.190369e+05  3.000000e+07  0.000000e+00  5.000000e-01  5.000000e-01  0.000000e+00
4.700000e+08  4.110684e+05  3.000000e+07  0.000000e+00  5.000000e-01  5.000000e-01  0.000000e+00
4.708000e+08  4.031872e+05  3.000000e+07  0.000000e+00  5.000000e-01  5.000000e-01  0.000000e+00
4.716000e+08  3.953929e+05  3.000000e+07  0.000000e+00  5.000000e-01  5.000000e-01  0.000000e+00
4.724000e+08  3.876847e+05  3.000000e+07  0.000000e+00  5.000000e-01  5.000000e-01  0.000000e+00
4.732000e+08  3.800622e+05  3.000000e+07  0.000000e+00  5.000000e-01  5.000000e-01  0.000000e+00
4.740000e+08  3.725250e+05  3.000000e+07  0.000000e+00  5.000000e-01  5.000000e-01  0.000000e+00
4.748000e+08  3.650725e+05  3.000000e+07  0.000000e+00  5.000000e-01  5.000000e-01  0.000000e+00
4.756000e+08  3.577043e+05  3.000000e+07  0.000000e+00  5.000000e-01  5.000000e-01  0.000000e+00
4.764000e+08  3.504197e+05  3.000000e+07  0.000000e+00  5.000000e-01  5.000000e-01  0.000000e+00
4.772000e+08  3.432182e+05  3.000000e+07  0.000000e+00  5.000000e-01  5.000000e-01  0.000000e+00
4.780000e+08  3.360993e+05  3.000000e+07  0.000000e+00  5.000000e-01  5.000000e-01  0.000000e+00
4.788000e+08  3.290625e+05  3.000000e+07  0.000000e+00  5.000000e-01  5.000000e-01  0.000000e+00
4.796000e+08  3.221073e+05  3.000000e+07  0.000000e+00  5.000000e-01  5.000000e-01  0.000000e+00
4.804000e+08  3.152335e+05  3.000000e+07  0.000000e+00  5.000000e-01  5.000000e-01  0.000000e+00
4.812000e+08  3.084403e+05  3.000000e+07  0.000000e+00  5.000000e-01  5.000000e-01  0.000000e+00
4.820000e+08  3.017275e+05  3.000000e+07  0.000000e+00  5.000000e-01  5.000000e-01  0.000000e+00
4.828000e+08  2.950946e+05  3.000000e+07  0.000000e+00  5.000000e-01  5.000000e-01  0.000000e+00
4.836000e+08  2.885411e+05  3.000000e+07  0.000000e+00  5.000000e-01  5.000000e-01  0.000000e+00
4.844000e+08  2.820665e+05  3.000000e+07  0.000000e+00  5.000000e-01  5.000000e-01  0.000000e+00
4.852000e+08  2.756705e+05  3.000000e+07  0.000000e+00  5.000000e-01  5.000000e-01  0.000000e+00
4.860000e+08  2.693525e+05  3.000000e+07  0.000000e+00  5.000000e-01  5.000000e-01  0.000000e+00
4.868000e+08  2.631120e+05  3.000000e+07  0.000000e+00  5.000000e-01  5.000000e-01  0.000000e+00
4.876000e+08  2.569487e+05  3.000000e+07  0.000000e+00  5.000000e-01  5.000000e-01  0.000000e+00
4.884000e+08  2.508622e+05  3.000000e+07  0.000000e+00  5.000000e-01  5.000000e-01  0.000000e+00
4.892000e+08  2.448521e+05  3.000000e+07  0.000000e+00  5.000000e-01  5.000000e-01  0.000000e+00
4.900000e+08  2.389181e+05  3.000000e+07  0.000000e+00  5.000000e-01  5.000000e-01  0.000000e+00
4.908000e+08  2.330597e+05  3.000000e+07  0.000000e+00  5.000000e-01  5.000000e-01  0.000000e+00
4.916000e+08  2.272766e+05  3.000000e+07  0.000000e+00  5.000000e-01  5.000000e-01  0.000000e+00
4.924000e+08  2.215683e+05  3.000000e+07  0.000000e+00  5.000000e-01  5.000000e-01  0.000000e+00
4.932000e+08  2.159345e+05  3.000000e+07  0.000000e+00  5.000000e-01  5.000000e-01  0.000000e+00
4.940000e+08  2.103748e+05  3.000000e+07  0.000000e+00  5.000000e-01  5.000000e-01  0.000000e+00
4.948000e+08  2.048887e+05  3.000000e+07  0.000000e+00  5.000000e-01  5.000000e-01  0.000000e+00
4.956000e+08  1.994760e+05  3.000000e+07  0.000000e+00  5.000000e-01  5.000000e-01  0.000000e+00
4.964000e+08  1.941364e+05  3.000000e+07  0.000000e+00  5.000000e-01  5.000000e-01  0.000000e+00
4.972000e+08  1.888696e+05  3.000000e+07  0.000000e+00  5.000000e-01  5.000000e-01  0.000000e+00
4.980000e+08  1.836753e+05  3.000000e+07  0.000000e+00  5.000000e-01  5.000000e-01  0.000000e+00
4.988000e+08  1.785531e+05  3.000000e+07  0.000000e+00  5.000000e-01  5.000000e-01  0.000000e+00
4.996000e+08  1.735026e+05  3.000000e+07  0.000000e+00  5.000000e-01  5.000000e-01  0.000000e+00
5.004000e+08  1.685236e+05  3.000000e+07  0.000000e+00  5.000000e-01  5.000000e-01  0.000000e+00
5.012000e+08  1.636158e+05  3.000000e+07  0.000000e+00  5.000000e-01  5.000000e-01  0.000000e+00
5.020000e+08  1.587788e+05  3.000000e+07  0.000000e+00  5.000000e-01  5.000000e-01  0.000000e+00
5.028000e+08  1.540125e+05  3.000000e+07  0.000000e+00  5.000000e-01  5.000000e-01  0.000000e+00
5.036000e+08  1.493167e+05  3.000000e+07  0.000000e+00  5.000000e-01  5.000000e-01  0.000000e+00
5.044000e+08  1.446910e+05  3.000000e+07  0.000000e+00  5.000000e-01  5.000000e-01  0.000000e+00
5.052000e+08  1.401354e+05  3.000000e+07  0.000000e+00  5.000000e-01  5.000000e-01  0.000000e+00
5.060000e+08  1.356493e+05  3.000000e+07  0.000000e+00  5.000000e-01  5.000000e-01  0.000000e+00
5.068000e+08  1.312326e+05  3.000000e+07  0.000000e+00  5.000000e-01  5.000000e-01  0.000000e+00
5.076000e+08  1.268852e+05  3.000000e+07  0.000000e+00  5.000000e-01  5.000000e-01  0.000000e+00
5.084000e+08  1.226069e+05  3.000000e+07  0.000000e+00  5.000000e-01  5.000000e-01  0.000000e+00
5.092000e+08  1.183974e+05  3.000000e+07  0.000000e+00  5.000000e-01  5.000000e-01  0.000000e+00
5.100000e+08  1.142568e+05  3.000000e+07  0.000000e+00  5.000000e-01  5.000000e-01  0.000000e+00
5.108000e+08  1.101849e+05  3.000000e+07  0.000000e+00  5.000000e-01  5.000000e-01  0.000000e+00
5.116000e+08  1.061812e+05  3.000000e+07  0.000000e+00  5.000000e-01  5.000000e-01  0.000000e+00
5.124000e+08  1.022459e+05  3.000000e+07  0.000000e+00  5.000000e-01  5.000000e-01  0.000000e+00
5.132000e+08  9.837881e+04  3.000000e+07  0.000000e+00  5.000000e-01  5.000000e-01  0.000000e+00
5.140000e+08  9.457986e+04  3.000000e+07  0.000000e+00  5.000000e-01  5.000000e-01  0.000000e+00
5.148000e+08  9.084910e+04  3.000000e+07  0.000000e+00  5.000000e-01  5.000000e-01  0.000000e+00
5.156000e+08  8.718640e+04  3.000000e+07  0.000000e+00  5.000000e-01  5.000000e-01  0.000000e+00
5.164000e+08  8.359165e+04  3.000000e+07  0.000000e+00  5.000000e-01  5.000000e-01  0.000000e+00
5.172000e+08  8.006487e+04  3.000000e+07  0.000000e+00  5.000000e-01  5.000000e-01  0.000000e+00
5.180000e+08  7.660613e+04  3.000000e+07  0.000000e+00  5.000000e-01  5.000000e-01  0.000000e+00
5.188000e+08  7.321555e+04  3.000000e+07  0.000000e+00  5.000000e-01  5.000000e-01  0.000000e+00
5.196000e+08  6.989322e+04  3.000000e+07  0.000000e+00  5.000000e-01  5.000000e-01  0.000000e+00
5.204000e+08  6.663910e+04  3.000000e+07  0.000000e+00  5.000000e-01  5.000000e-01  0.000000e+00
5.212000e+08  6.345334e+04  3.000000e+07  0.000000e+00  5.000000e-01  5.000000e-01  0.000000e+00
5.220000e+08  6.033618e+04  3.000000e+07  0.000000e+00  5.000000e-01  5.000000e-01  0.000000e+00
5.228000e+08  5.728793e+04  3.000000e+07  0.000000e+00  5.000000e-01  5.000000e-01  0.000000e+00
5.236000e+08  5.430879e+04  3.000000e+07  0.000000e+00  5.000000e-01  5.000000e-01  0.000000e+00
5.244000e+08  5.139893e+04  3.000000e+07  0.000000e+00  5.000000e-01  5.000000e-01  0.000000e+00
5.252000e+08  4.855880e+04  3.000000e+07  0.000000e+00  5.000000e-01  5.000000e-01  0.000000e+00
5.260000e+08  4.578890e+04  3.000000e+07  0.000000e+00  5.000000e-01  5.000000e-01  0.000000e+00
5.268000e+08  4.308971e+04  3.000000e+07  0.000000e+00  5.000000e-01  5.000000e-01  0.000000e+00
5.276000e+08  4.046160e+04  3.000000e+07  0.000000e+00  5.000000e-01  5.000000e-01  0.000000e+00
5.284000e+08  3.790530e+04  3.000000e+07  0.000000e+00  5.000000e-01  5.000000e-01  0.000000e+00
5.292000e+08  3.542167e+04  3.000000e+07  0.000000e+00  5.000000e-01  5.000000e-01  0.000000e+00
5.300000e+08  3.301138e+04  3.000000e+07  0.000000e+00  5.000000e-01  5.000000e-01  0.000000e+00
5.308000e+08  3.067532e+04  3.000000e+07  0.000000e+00  5.000000e-01  5.000000e-01  0.000000e+00
5.316000e+08  2.841473e+04  3.000000e+07  0.000000e+00  5.000000e-01  5.000000e-01  0.000000e+00
5.324000e+08  2.633616e+04  2.932033e+07  0.000000e+00  5.000000e-01  5.000000e-01  0.000000e+00
5.332000e+08  2.432625e+04  2.862919e+07  0.000000e+00  5.000000e-01  5.000000e-01  0.000000e+00
5.340000e+08  2.238590e+04  2.792592e+07  0.000000e+00  5.000000e-01  5.000000e-01  0.000000e+00
5.348000e+08  2.051575e+04  2.720980e+07  0.000000e+00  5.000000e-01  5.000000e-01  0.000000e+00
5.356000e+08  1.871668e+04  2.648002e+07  0.000000e+00  5.000000e-01  5.000000e-01  0.000000e+00
5.364000e+08  1.698981e+04  2.573576e+07  0.000000e+00  5.000000e-01  5.000000e-01  0.000000e+00
5.372000e+08  1.533602e+04  2.497607e+07  0.000000e+00  5.000000e-01  5.000000e-01  0.000000e+00
5.380000e+08  1.375674e+04  2.419995e+07  0.000000e+00  5.000000e-01  5.000000e-01  0.000000e+00
5.388000e+08  1.225315e+04  2.340631e+07  0.000000e+00  5.000000e-01  5.000000e-01  0.000000e+00
5.396000e+08  1.082691e+04  2.259397e+07  0.000000e+00  5.000000e-01  5.000000e-01  0.000000e+00
5.404000e+08  9.479584e+03  2.176165e+07  0.000000e+00  5.000000e-01  5.000000e-01  0.000000e+00
5.412000e+08  8.213195e+03  2.090800e+07  0.000000e+00  5.000000e-01  5.000000e-01  0.000000e+00
5.420000e+08  7.029738e+03  2.003157e+07  0.000000e+00  5.000000e-01  5.000000e-01  0.000000e+00
5.428000e+08  5.931556e+03  1.913090e+07  0.000000e+00  5.000000e-01  5.000000e-01  0.000000e+00
5.436000e+08  4.921262e+03  1.820450e+07  0.000000e+00  5.000000e-01  5.000000e-01  0.000000e+00
5.444000e+08  4.001599e+03  1.725098e+07  0.000000e+00  5.000000e-01  5.000000e-01  0.000000e+00
5.452000e+08  3.175527e+03  1.626920e+07  0.000000e+00  5.000000e-01  5.000000e-01  0.000000e+00
5.460000e+08  2.446067e+03  1.525848e+07  0.000000e+00  5.000000e-01  5.000000e-01  0.000000e+00
5.468000e+08  1.816060e+03  1.421900e+07  0.000000e+00  5.000000e-01  5.000000e-01  0.000000e+00
5.476000e+08  1.287685e+03  1.315233e+07  0.000000e+00  5.000000e-01  5.000000e-01  0.000000e+00
5.484000e+08  8.616571e+02  1.206216e+07  0.000000e+00  5.000000e-01  5.000000e-01  0.000000e+00
5.492000e+08  5.359508e+02  1.095513e+07  0.000000e+00  5.000000e-01  5.000000e-01  0.000000e+00
5.500000e+08  3.041422e+02  9.841498e+06  0.000000e+00  5.000000e-01  5.000000e-01  0.000000e+00
5.508000e+08  1.540251e+02  8.735156e+06  0.000000e+00  5.000000e-01  5.000000e-01  0.000000e+00
5.516000e+08  6.782665e+01  7.652524e+06  0.000000e+00  5.000000e-01  5.000000e-01  0.000000e+00
5.524000e+08  2.513509e+01  6.610522e+06  0.000000e+00  5.000000e-01  5.000000e-01  0.000000e+00
#got 9.999598e-01 Msun
